function M = readSubject( fname , label )

  NODES = 1:1089; NODES( [226:234,498:505,762:769,834:8:1026,1027:1034,1042,1050,1058,1066,1074,1082] ) = [];
  M.tri           = [80,81,72;71,72,63;62,63,54;53,54,45;44,45,36;35,36,27;26,27,18;17,18,9;8,9,153;152,153,144;143,144,135;134,135,126;125,126,117;116,117,108;107,108,99;98,99,90;89,90,225;224,225,216;215,216,207;206,207,198;197,198,189;188,189,180;179,180,171;170,171,162;161,162,288;287,288,279;278,279,270;269,270,261;260,261,252;251,252,243;242,243,234;233,234,81;79,80,71;70,71,62;61,62,53;52,53,44;43,44,35;34,35,26;25,26,17;16,17,8;7,8,152;151,152,143;142,143,134;133,134,125;124,125,116;115,116,107;106,107,98;97,98,89;88,89,224;223,224,215;214,215,206;205,206,197;196,197,188;187,188,179;178,179,170;169,170,161;160,161,287;286,287,278;277,278,269;268,269,260;259,260,251;250,251,242;241,242,233;232,233,80;78,79,70;69,70,61;60,61,52;51,52,43;42,43,34;33,34,25;24,25,16;15,16,7;6,7,151;150,151,142;141,142,133;132,133,124;123,124,115;114,115,106;105,106,97;96,97,88;87,88,223;222,223,214;213,214,205;204,205,196;195,196,187;186,187,178;177,178,169;168,169,160;159,160,286;285,286,277;276,277,268;267,268,259;258,259,250;249,250,241;240,241,232;231,232,79;77,78,69;68,69,60;59,60,51;50,51,42;41,42,33;32,33,24;23,24,15;14,15,6;5,6,150;149,150,141;140,141,132;131,132,123;122,123,114;113,114,105;104,105,96;95,96,87;86,87,222;221,222,213;212,213,204;203,204,195;194,195,186;185,186,177;176,177,168;167,168,159;158,159,285;284,285,276;275,276,267;266,267,258;257,258,249;248,249,240;239,240,231;230,231,78;76,77,68;67,68,59;58,59,50;49,50,41;40,41,32;31,32,23;22,23,14;13,14,5;4,5,149;148,149,140;139,140,131;130,131,122;121,122,113;112,113,104;103,104,95;94,95,86;85,86,221;220,221,212;211,212,203;202,203,194;193,194,185;184,185,176;175,176,167;166,167,158;157,158,284;283,284,275;274,275,266;265,266,257;256,257,248;247,248,239;238,239,230;229,230,77;75,76,67;66,67,58;57,58,49;48,49,40;39,40,31;30,31,22;21,22,13;12,13,4;3,4,148;147,148,139;138,139,130;129,130,121;120,121,112;111,112,103;102,103,94;93,94,85;84,85,220;219,220,211;210,211,202;201,202,193;192,193,184;183,184,175;174,175,166;165,166,157;156,157,283;282,283,274;273,274,265;264,265,256;255,256,247;246,247,238;237,238,229;228,229,76;74,75,66;65,66,57;56,57,48;47,48,39;38,39,30;29,30,21;20,21,12;11,12,3;2,3,147;146,147,138;137,138,129;128,129,120;119,120,111;110,111,102;101,102,93;92,93,84;83,84,219;218,219,210;209,210,201;200,201,192;191,192,183;182,183,174;173,174,165;164,165,156;155,156,282;281,282,273;272,273,264;263,264,255;254,255,246;245,246,237;236,237,228;227,228,75;73,74,65;64,65,56;55,56,47;46,47,38;37,38,29;28,29,20;19,20,11;10,11,2;1,2,146;145,146,137;136,137,128;127,128,119;118,119,110;109,110,101;100,101,92;91,92,83;82,83,218;217,218,209;208,209,200;199,200,191;190,191,182;181,182,173;172,173,164;163,164,155;154,155,281;280,281,272;271,272,263;262,263,254;253,254,245;244,245,236;235,236,227;226,227,74;360,73,64;352,64,55;344,55,46;336,46,37;328,37,28;320,28,19;312,19,10;304,10,1;296,1,145;424,145,136;416,136,127;408,127,118;400,118,109;392,109,100;384,100,91;376,91,82;368,82,217;488,217,208;480,208,199;472,199,190;464,190,181;456,181,172;448,172,163;440,163,154;432,154,280;544,280,271;536,271,262;528,262,253;520,253,244;512,244,235;504,235,226;496,226,73;359,360,352;351,352,344;343,344,336;335,336,328;327,328,320;319,320,312;311,312,304;303,304,296;295,296,424;423,424,416;415,416,408;407,408,400;399,400,392;391,392,384;383,384,376;375,376,368;367,368,488;487,488,480;479,480,472;471,472,464;463,464,456;455,456,448;447,448,440;439,440,432;431,432,544;543,544,536;535,536,528;527,528,520;519,520,512;511,512,504;503,504,496;495,496,360;358,359,351;350,351,343;342,343,335;334,335,327;326,327,319;318,319,311;310,311,303;302,303,295;294,295,423;422,423,415;414,415,407;406,407,399;398,399,391;390,391,383;382,383,375;374,375,367;366,367,487;486,487,479;478,479,471;470,471,463;462,463,455;454,455,447;446,447,439;438,439,431;430,431,543;542,543,535;534,535,527;526,527,519;518,519,511;510,511,503;502,503,495;494,495,359;357,358,350;349,350,342;341,342,334;333,334,326;325,326,318;317,318,310;309,310,302;301,302,294;293,294,422;421,422,414;413,414,406;405,406,398;397,398,390;389,390,382;381,382,374;373,374,366;365,366,486;485,486,478;477,478,470;469,470,462;461,462,454;453,454,446;445,446,438;437,438,430;429,430,542;541,542,534;533,534,526;525,526,518;517,518,510;509,510,502;501,502,494;493,494,358;356,357,349;348,349,341;340,341,333;332,333,325;324,325,317;316,317,309;308,309,301;300,301,293;292,293,421;420,421,413;412,413,405;404,405,397;396,397,389;388,389,381;380,381,373;372,373,365;364,365,485;484,485,477;476,477,469;468,469,461;460,461,453;452,453,445;444,445,437;436,437,429;428,429,541;540,541,533;532,533,525;524,525,517;516,517,509;508,509,501;500,501,493;492,493,357;355,356,348;347,348,340;339,340,332;331,332,324;323,324,316;315,316,308;307,308,300;299,300,292;291,292,420;419,420,412;411,412,404;403,404,396;395,396,388;387,388,380;379,380,372;371,372,364;363,364,484;483,484,476;475,476,468;467,468,460;459,460,452;451,452,444;443,444,436;435,436,428;427,428,540;539,540,532;531,532,524;523,524,516;515,516,508;507,508,500;499,500,492;491,492,356;354,355,347;346,347,339;338,339,331;330,331,323;322,323,315;314,315,307;306,307,299;298,299,291;290,291,419;418,419,411;410,411,403;402,403,395;394,395,387;386,387,379;378,379,371;370,371,363;362,363,483;482,483,475;474,475,467;466,467,459;458,459,451;450,451,443;442,443,435;434,435,427;426,427,539;538,539,531;530,531,523;522,523,515;514,515,507;506,507,499;498,499,491;490,491,355;353,354,346;345,346,338;337,338,330;329,330,322;321,322,314;313,314,306;305,306,298;297,298,290;289,290,418;417,418,410;409,410,402;401,402,394;393,394,386;385,386,378;377,378,370;369,370,362;361,362,482;481,482,474;473,474,466;465,466,458;457,458,450;449,450,442;441,442,434;433,434,426;425,426,538;537,538,530;529,530,522;521,522,514;513,514,506;505,506,498;497,498,490;489,490,354;616,353,345;608,345,337;600,337,329;592,329,321;584,321,313;576,313,305;568,305,297;560,297,289;552,289,417;680,417,409;672,409,401;664,401,393;656,393,385;648,385,377;640,377,369;632,369,361;624,361,481;744,481,473;736,473,465;728,465,457;720,457,449;712,449,441;704,441,433;696,433,425;688,425,537;800,537,529;792,529,521;784,521,513;776,513,505;768,505,497;760,497,489;752,489,353;615,616,608;607,608,600;599,600,592;591,592,584;583,584,576;575,576,568;567,568,560;559,560,552;551,552,680;679,680,672;671,672,664;663,664,656;655,656,648;647,648,640;639,640,632;631,632,624;623,624,744;743,744,736;735,736,728;727,728,720;719,720,712;711,712,704;703,704,696;695,696,688;687,688,800;799,800,792;791,792,784;783,784,776;775,776,768;767,768,760;759,760,752;751,752,616;614,615,607;606,607,599;598,599,591;590,591,583;582,583,575;574,575,567;566,567,559;558,559,551;550,551,679;678,679,671;670,671,663;662,663,655;654,655,647;646,647,639;638,639,631;630,631,623;622,623,743;742,743,735;734,735,727;726,727,719;718,719,711;710,711,703;702,703,695;694,695,687;686,687,799;798,799,791;790,791,783;782,783,775;774,775,767;766,767,759;758,759,751;750,751,615;613,614,606;605,606,598;597,598,590;589,590,582;581,582,574;573,574,566;565,566,558;557,558,550;549,550,678;677,678,670;669,670,662;661,662,654;653,654,646;645,646,638;637,638,630;629,630,622;621,622,742;741,742,734;733,734,726;725,726,718;717,718,710;709,710,702;701,702,694;693,694,686;685,686,798;797,798,790;789,790,782;781,782,774;773,774,766;765,766,758;757,758,750;749,750,614;612,613,605;604,605,597;596,597,589;588,589,581;580,581,573;572,573,565;564,565,557;556,557,549;548,549,677;676,677,669;668,669,661;660,661,653;652,653,645;644,645,637;636,637,629;628,629,621;620,621,741;740,741,733;732,733,725;724,725,717;716,717,709;708,709,701;700,701,693;692,693,685;684,685,797;796,797,789;788,789,781;780,781,773;772,773,765;764,765,757;756,757,749;748,749,613;611,612,604;603,604,596;595,596,588;587,588,580;579,580,572;571,572,564;